E2/E4 — combiner comparison at matched ε_B (mean across 3 seeds)
==============================================================================

Cell eval_signal_neg_91_5GeV  (z=0.33, m=5.0 GeV):
    eps_B     minp       AM       GM       HM   Cauchy   evalue   nested
    1e-02     9.02     2.65     9.09     9.07     0.00     9.08     9.03
    2e-03    19.17     0.01    19.41    19.80     0.00    19.81    19.32
    1e-03    26.51     0.01    25.12    27.43     0.01    27.51    26.36
    5e-04    31.14     0.01    28.71    35.09     0.01    35.25     0.02
    2e-04    42.28     0.01     6.18    47.68     0.02    48.02     0.01
    1e-04    19.49     0.02     4.76    67.28     0.02    67.28     0.00

Cell eval_signal_neg_8_5GeV  (z=1.16, m=5.0 GeV):
    eps_B     minp       AM       GM       HM   Cauchy   evalue   nested
    1e-02     8.47     2.41     8.68     8.82     0.88     8.91     8.45
    2e-03    12.17     2.13     9.72    13.74     1.96    13.71    12.41
    1e-03     8.63     3.00     7.26    13.51     2.75    13.57    10.11
    5e-04     5.69     3.50     9.65     6.23     3.81     8.77     0.04
    2e-04     3.20     4.50    12.40     2.72     5.30     7.00     0.01
    1e-04     0.02     6.36    14.67     1.64     7.32     6.34     0.00

Cell eval_signal_zero_5GeV  (z=1.24, m=5.0 GeV):
    eps_B     minp       AM       GM       HM   Cauchy   evalue   nested
    1e-02     8.65     6.82     8.60     8.82     3.66     8.86     8.62
    2e-03    16.07    10.02    15.64    16.94     8.18    16.96    16.34
    1e-03    21.08    13.60    20.55    22.04    11.34    21.71    20.78
    5e-04    16.48    14.44    27.22    16.31    15.54    22.77     1.49
    2e-04    10.48    21.20    34.56    10.99    22.42    19.77     0.02
    1e-04     0.00    29.88    44.52     3.39    31.39    21.21     0.01

Small-α collapse: mean |SIC_combiner − SIC_minp| across all cells
    eps_B       AM       GM       HM   Cauchy   evalue   nested
    1e-02    1.419    0.235    0.151    2.301    0.214    0.057
    2e-03    3.424    0.573    0.324    3.539    0.347    0.137
    1e-03    3.827    1.131    0.717    3.956    1.116    0.397
    5e-04    4.265    2.665    2.838    4.113    2.771    4.749
    2e-04    4.012    4.580    0.804    3.880    1.097    3.975
    1e-04    4.717    6.764    2.646    6.095    4.330    0.760
